0 153.386
1 138.323
2 155.176
3 175.546
4 179.943
5 173.235
6 -165.016
7 -137.683
8 -141.798
9 0
10 -134.957
11 -138.323
12 -127.365
13 0
14 -150.897
15 0
16 -168.637
17 -174.504
18 -168.637
19 0
20 -165.566
21 0
22 -165.121
23 -163.804
24 -154.31
25 -156.752
26 0
27 146.264
28 44.9857
29 -44.9857
30 148.989
31 -165.911
32 0
33 -161.514
34 0
35 175.181
36 0
37 139.354
38 95.1642
39 0
40 134.957
41 159.393
42 159.393
43 0
44 160.295
45 0
46 -169.455
47 -160.77
48 0
49 -157.116
50 0
51 -145.362
52 -131.382
53 -120.925
54 0
55 -129.431
56 -131.592
57 -140.666
58 0
59 -143.347
60 0
61 -156.452
62 -153.386
63 0
64 -162.707
65 -136.931
66 -127.528
67 -93.3368
68 -95.1642
69 -104.588
70 -104.003
71 -89.9714
72 -44.9857
73 -101.278
74 -140.15
75 0
76 -147.948
77 -128.249
78 -139.354
79 -155.805
80 -144.2
81 0
82 -138.532
83 -141.028
84 -159.393
85 -159.724
86 153.386
87 130.195
88 145.573
89 169.641
90 173.102
91 -175.045
92 -167.852
93 -161.514
94 -171.415
95 179.943
96 89.9714
97 -165.911
98 63.4148
99 -168.637
100 176.368
101 174.975
102 165.016
103 -160.509
104 -151.651
105 -98.099
106 -106.226
107 -109.255
108 -113.593
109 -63.4148
110 -172.82
111 108.401
112 141.295
113 168.637
114 155.176
115 175.859
116 174.975
117 177.341
118 164.003
119 -173.605
120 179.943
121 -175.859
122 153.386
123 173.936
124 0
125 -162.423
126 -124.952
127 -121.967
128 -119.944
129 -112.798
130 -98.9412
